|--------------------------------------|
| deterministic MDP                    |
|--------------------------------------|
| Num States | Cores | Time (s)        |
|------------|-------|-----------------|
| 400        | 1     | 0.0403          |
| 900        | 1     | 0.1772          |
| 1600       | 1     | 0.4995          |
| 2500       | 1     | 1.1755          |
| 3600       | 1     | 2.4084          |
| 4900       | 1     | 4.4706          |
| 6400       | 1     | 7.7238          |
| 8100       | 1     | 12.4958         |
| 10000      | 1     | 19.1300         |
| 12100      | 1     | 27.8164         |
| 14400      | 1     | 39.1960         |
| 16900      | 1     | 54.1562         |
| 400        | 2     | 0.5501          |
| 900        | 2     | 0.2542          |
| 1600       | 2     | 0.3992          |
| 2500       | 2     | 0.9694          |
| 3600       | 2     | 1.8206          |
| 4900       | 2     | 3.2251          |
| 6400       | 2     | 5.4422          |
| 8100       | 2     | 8.6187          |
| 10000      | 2     | 13.1213         |
| 12100      | 2     | 18.9989         |
| 14400      | 2     | 27.4841         |
| 16900      | 2     | 37.6638         |
| 400        | 3     | 1.2297          |
| 900        | 3     | 0.2442          |
| 1600       | 3     | 0.4308          |
| 2500       | 3     | 0.8028          |
| 3600       | 3     | 1.3747          |
| 4900       | 3     | 2.5386          |
| 6400       | 3     | 4.2417          |
| 8100       | 3     | 6.7167          |
| 10000      | 3     | 10.4795         |
| 12100      | 3     | 14.3810         |
| 14400      | 3     | 20.8933         |
| 16900      | 3     | 28.1817         |
| 400        | 4     | 1.1591          |
| 900        | 4     | 0.2348          |
| 1600       | 4     | 0.4494          |
| 2500       | 4     | 0.7189          |
| 3600       | 4     | 1.2959          |
| 4900       | 4     | 2.2338          |
| 6400       | 4     | 3.6137          |
| 8100       | 4     | 5.7004          |
| 10000      | 4     | 8.4164          |
| 12100      | 4     | 12.2072         |
| 14400      | 4     | 17.4203         |
| 16900      | 4     | 23.4058         |
| 400        | 5     | 1.0894          |
| 900        | 5     | 0.2593          |
| 1600       | 5     | 0.4139          |
| 2500       | 5     | 0.7094          |
| 3600       | 5     | 1.2229          |
| 4900       | 5     | 2.0582          |
| 6400       | 5     | 3.3657          |
| 8100       | 5     | 5.2650          |
| 10000      | 5     | 7.5892          |
| 12100      | 5     | 11.0289         |
| 14400      | 5     | 15.4033         |
| 16900      | 5     | 20.9683         |
| 400        | 6     | 1.0815          |
| 900        | 6     | 0.3785          |
| 1600       | 6     | 0.4562          |
| 2500       | 6     | 0.7298          |
| 3600       | 6     | 1.2332          |
| 4900       | 6     | 2.0501          |
| 6400       | 6     | 3.2082          |
| 8100       | 6     | 4.9241          |
| 10000      | 6     | 7.2909          |
| 12100      | 6     | 9.9536          |
| 14400      | 6     | 14.2969         |
| 16900      | 6     | 23.5841         |
| 400        | 7     | 1.3253          |
| 900        | 7     | 0.2364          |
| 1600       | 7     | 0.4796          |
| 2500       | 7     | 0.7587          |
| 3600       | 7     | 1.2688          |
| 4900       | 7     | 2.0497          |
| 6400       | 7     | 3.2045          |
| 8100       | 7     | 4.8268          |
| 10000      | 7     | 7.7393          |
| 12100      | 7     | 10.0655         |
| 14400      | 7     | 15.3765         |
| 16900      | 7     | 293.1750        |
| 400        | 8     | 1.0999          |
| 900        | 8     | 0.4112          |
| 1600       | 8     | 0.4000          |
| 2500       | 8     | 0.8171          |
| 3600       | 8     | 1.2528          |
| 4900       | 8     | 2.1863          |
| 6400       | 8     | 3.7257          |
| 8100       | 8     | 5.2059          |
| 10000      | 8     | 7.2457          |
| 12100      | 8     | 11.0558         |
| 14400      | 8     | 48.6752         |
| 16900      | 8     | 294.5807        |
| 400        | 9     | 1.6024          |
| 900        | 9     | 0.2775          |
| 1600       | 9     | 0.4981          |
| 2500       | 9     | 0.7522          |
| 3600       | 9     | 1.4842          |
| 4900       | 9     | 2.0735          |
| 6400       | 9     | 3.3976          |
| 8100       | 9     | 4.6512          |
| 10000      | 9     | 7.1208          |
| 12100      | 9     | 19.9018         |
| 14400      | 9     | 213.6633        |
| 16900      | 9     | 304.8671        |
| 400        | 10    | 1.1841          |
| 900        | 10    | 0.3936          |
| 1600       | 10    | 0.5442          |
| 2500       | 10    | 0.8782          |
| 3600       | 10    | 1.4287          |
| 4900       | 10    | 2.2510          |
| 6400       | 10    | 3.4729          |
| 8100       | 10    | 5.6529          |
| 10000      | 10    | 7.9210          |
| 12100      | 10    | 81.2915         |
| 14400      | 10    | 213.9448        |
| 16900      | 10    | 303.1113        |
| 400        | 11    | 1.1113          |
| 900        | 11    | 0.4693          |
| 1600       | 11    | 0.7116          |
| 2500       | 11    | 0.9125          |
| 3600       | 11    | 1.5432          |
| 4900       | 11    | 2.1572          |
| 6400       | 11    | 3.7076          |
| 8100       | 11    | 5.0744          |
| 10000      | 11    | 12.0420         |
| 12100      | 11    | 147.2757        |
| 14400      | 11    | 214.4991        |
| 16900      | 11    | 297.8298        |
| 400        | 12    | 1.0987          |
| 900        | 12    | 0.4264          |
| 1600       | 12    | 0.5651          |
| 2500       | 12    | 1.1335          |
| 3600       | 12    | 1.5730          |
| 4900       | 12    | 2.4206          |
| 6400       | 12    | 3.6527          |
| 8100       | 12    | 5.0284          |
| 10000      | 12    | 18.1014         |
| 12100      | 12    | 149.7988        |
| 14400      | 12    | 210.8953        |
| 16900      | 12    | 300.5387        |
|--------------------------------------|
|--------------------------------------|
| stochastic MDP                       |
|--------------------------------------|
| Num States | Cores | Time (s)        |
|------------|-------|-----------------|
| 400        | 1     | 0.2744          |
| 900        | 1     | 1.1564          |
| 1600       | 1     | 3.4709          |
| 2500       | 1     | 8.2880          |
| 3600       | 1     | 17.1157         |
| 4900       | 1     | 33.0518         |
| 6400       | 1     | 65.1387         |
| 8100       | 1     | 116.4654        |
| 10000      | 1     | 176.7875        |
| 12100      | 1     | 251.5608        |
| 14400      | 1     | 363.1357        |
| 16900      | 1     | 477.8325        |
| 400        | 2     | 0.6156          |
| 900        | 2     | 0.7285          |
| 1600       | 2     | 1.9490          |
| 2500       | 2     | 4.4238          |
| 3600       | 2     | 9.0307          |
| 4900       | 2     | 16.6952         |
| 6400       | 2     | 29.2830         |
| 8100       | 2     | 47.4814         |
| 10000      | 2     | 73.4113         |
| 12100      | 2     | 108.3671        |
| 14400      | 2     | 153.8286        |
| 16900      | 2     | 216.9090        |
| 400        | 3     | 0.9009          |
| 900        | 3     | 0.5492          |
| 1600       | 3     | 1.4134          |
| 2500       | 3     | 3.1279          |
| 3600       | 3     | 6.2905          |
| 4900       | 3     | 11.5612         |
| 6400       | 3     | 20.2101         |
| 8100       | 3     | 32.7237         |
| 10000      | 3     | 50.7378         |
| 12100      | 3     | 75.2232         |
| 14400      | 3     | 106.4525        |
| 16900      | 3     | 150.6158        |
| 400        | 4     | 0.9634          |
| 900        | 4     | 0.5368          |
| 1600       | 4     | 1.4007          |
| 2500       | 4     | 2.7187          |
| 3600       | 4     | 5.7692          |
| 4900       | 4     | 10.0123         |
| 6400       | 4     | 17.0123         |
| 8100       | 4     | 28.1054         |
| 10000      | 4     | 42.6416         |
| 12100      | 4     | 64.0723         |
| 14400      | 4     | 91.3130         |
| 16900      | 4     | 125.6505        |
| 400        | 5     | 1.0832          |
| 900        | 5     | 0.4158          |
| 1600       | 5     | 1.0038          |
| 2500       | 5     | 2.1481          |
| 3600       | 5     | 4.1951          |
| 4900       | 5     | 7.5318          |
| 6400       | 5     | 13.0495         |
| 8100       | 5     | 21.2291         |
| 10000      | 5     | 32.9820         |
| 12100      | 5     | 48.7024         |
| 14400      | 5     | 69.4175         |
| 16900      | 5     | 97.6705         |
| 400        | 6     | 1.0236          |
| 900        | 6     | 0.3337          |
| 1600       | 6     | 0.8909          |
| 2500       | 6     | 1.8888          |
| 3600       | 6     | 3.6929          |
| 4900       | 6     | 6.6869          |
| 6400       | 6     | 11.2647         |
| 8100       | 6     | 18.2043         |
| 10000      | 6     | 28.3771         |
| 12100      | 6     | 42.2365         |
| 14400      | 6     | 60.2954         |
| 16900      | 6     | 84.1862         |
| 400        | 7     | 1.2650          |
| 900        | 7     | 0.3865          |
| 1600       | 7     | 0.8741          |
| 2500       | 7     | 1.7716          |
| 3600       | 7     | 3.4956          |
| 4900       | 7     | 5.9080          |
| 6400       | 7     | 10.2667         |
| 8100       | 7     | 16.4062         |
| 10000      | 7     | 25.1115         |
| 12100      | 7     | 36.6421         |
| 14400      | 7     | 55.2186         |
| 16900      | 7     | 312.6075        |
| 400        | 8     | 1.0355          |
| 900        | 8     | 0.5126          |
| 1600       | 8     | 0.8158          |
| 2500       | 8     | 1.6649          |
| 3600       | 8     | 3.3785          |
| 4900       | 8     | 5.6411          |
| 6400       | 8     | 9.5201          |
| 8100       | 8     | 14.8287         |
| 10000      | 8     | 22.6608         |
| 12100      | 8     | 33.2954         |
| 14400      | 8     | 226.4995        |
| 16900      | 8     | 308.4176        |
| 400        | 9     | 1.5248          |
| 900        | 9     | 0.3822          |
| 1600       | 9     | 0.9057          |
| 2500       | 9     | 1.6146          |
| 3600       | 9     | 3.0115          |
| 4900       | 9     | 5.1718          |
| 6400       | 9     | 8.8526          |
| 8100       | 9     | 13.5105         |
| 10000      | 9     | 21.9190         |
| 12100      | 9     | 42.2144         |
| 14400      | 9     | 216.2593        |
| 16900      | 9     | 295.8166        |
| 400        | 10    | 1.0201          |
| 900        | 10    | 0.4716          |
| 1600       | 10    | 0.8433          |
| 2500       | 10    | 1.7134          |
| 3600       | 10    | 3.1238          |
| 4900       | 10    | 5.1760          |
| 6400       | 10    | 8.3659          |
| 8100       | 10    | 12.7158         |
| 10000      | 10    | 19.6038         |
| 12100      | 10    | 57.5531         |
| 14400      | 10    | 208.3178        |
| 16900      | 10    | 299.4157        |
| 400        | 11    | 0.9368          |
| 900        | 11    | 0.5438          |
| 1600       | 11    | 0.9860          |
| 2500       | 11    | 1.6367          |
| 3600       | 11    | 2.9264          |
| 4900       | 11    | 5.2737          |
| 6400       | 11    | 8.0440          |
| 8100       | 11    | 12.4997         |
| 10000      | 11    | 23.8034         |
| 12100      | 11    | 88.5287         |
| 14400      | 11    | 210.3776        |
| 16900      | 11    | 299.9532        |
| 400        | 12    | 0.9417          |
| 900        | 12    | 0.4765          |
| 1600       | 12    | 0.7013          |
| 2500       | 12    | 1.5280          |
| 3600       | 12    | 2.7774          |
| 4900       | 12    | 4.7057          |
| 6400       | 12    | 8.0134          |
| 8100       | 12    | 12.9625         |
| 10000      | 12    | 34.6305         |
| 12100      | 12    | 145.8532        |
| 14400      | 12    | 206.8158        |
| 16900      | 12    | 300.1039        |
|--------------------------------------|