|--------------------------------------|
| deterministic MDP                    |
|--------------------------------------|
| Num States | Cores | Time (s)        |
|------------|-------|-----------------|
| 400        | 1     | 0.0243          |
| 900        | 1     | 0.1184          |
| 1600       | 1     | 0.3831          |
| 2500       | 1     | 0.9407          |
| 3600       | 1     | 1.9220          |
| 4900       | 1     | 3.5562          |
| 6400       | 1     | 6.0407          |
| 8100       | 1     | 9.6070          |
| 10000      | 1     | 14.6507         |
| 12100      | 1     | 21.3183         |
| 14400      | 1     | 30.1652         |
| 16900      | 1     | 41.2561         |
| 400        | 2     | 1.1730          |
| 900        | 2     | 0.2432          |
| 1600       | 2     | 0.5072          |
| 2500       | 2     | 0.9582          |
| 3600       | 2     | 1.8100          |
| 4900       | 2     | 3.2430          |
| 6400       | 2     | 5.2944          |
| 8100       | 2     | 8.2524          |
| 10000      | 2     | 12.4576         |
| 12100      | 2     | 18.4047         |
| 14400      | 2     | 26.4517         |
| 16900      | 2     | 35.4923         |
| 400        | 3     | 1.2569          |
| 900        | 3     | 0.2317          |
| 1600       | 3     | 0.4409          |
| 2500       | 3     | 0.8745          |
| 3600       | 3     | 1.5427          |
| 4900       | 3     | 2.7196          |
| 6400       | 3     | 4.4676          |
| 8100       | 3     | 6.9847          |
| 10000      | 3     | 10.5509         |
| 12100      | 3     | 15.1837         |
| 14400      | 3     | 21.3040         |
| 16900      | 3     | 29.6455         |
| 400        | 4     | 0.2111          |
| 900        | 4     | 0.2558          |
| 1600       | 4     | 0.4775          |
| 2500       | 4     | 0.7515          |
| 3600       | 4     | 1.3779          |
| 4900       | 4     | 2.4102          |
| 6400       | 4     | 3.8956          |
| 8100       | 4     | 5.9810          |
| 10000      | 4     | 8.8922          |
| 12100      | 4     | 12.7618         |
| 14400      | 4     | 18.0634         |
| 16900      | 4     | 24.7865         |
| 400        | 5     | 1.4779          |
| 900        | 5     | 0.2393          |
| 1600       | 5     | 0.4314          |
| 2500       | 5     | 0.7679          |
| 3600       | 5     | 1.3278          |
| 4900       | 5     | 2.2519          |
| 6400       | 5     | 3.7060          |
| 8100       | 5     | 5.7078          |
| 10000      | 5     | 8.2499          |
| 12100      | 5     | 12.0997         |
| 14400      | 5     | 17.1039         |
| 16900      | 5     | 23.8682         |
| 400        | 6     | 0.2117          |
| 900        | 6     | 0.2686          |
| 1600       | 6     | 0.4959          |
| 2500       | 6     | 0.8184          |
| 3600       | 6     | 1.3899          |
| 4900       | 6     | 2.3005          |
| 6400       | 6     | 3.6613          |
| 8100       | 6     | 5.5946          |
| 10000      | 6     | 7.9632          |
| 12100      | 6     | 11.6609         |
| 14400      | 6     | 16.1710         |
| 16900      | 6     | 22.8553         |
| 400        | 7     | 0.2334          |
| 900        | 7     | 0.2365          |
| 1600       | 7     | 0.4901          |
| 2500       | 7     | 0.8128          |
| 3600       | 7     | 1.2931          |
| 4900       | 7     | 2.3253          |
| 6400       | 7     | 3.9200          |
| 8100       | 7     | 5.3122          |
| 10000      | 7     | 8.4508          |
| 12100      | 7     | 11.4028         |
| 14400      | 7     | 16.2948         |
| 16900      | 7     | 22.5569         |
| 400        | 8     | 0.2188          |
| 900        | 8     | 0.3387          |
| 1600       | 8     | 0.4919          |
| 2500       | 8     | 0.8578          |
| 3600       | 8     | 1.4620          |
| 4900       | 8     | 2.3029          |
| 6400       | 8     | 3.6648          |
| 8100       | 8     | 5.3947          |
| 10000      | 8     | 7.9181          |
| 12100      | 8     | 11.1505         |
| 14400      | 8     | 15.9023         |
| 16900      | 8     | 45.3427         |
| 400        | 9     | 0.2572          |
| 900        | 9     | 0.2864          |
| 1600       | 9     | 0.5041          |
| 2500       | 9     | 0.8739          |
| 3600       | 9     | 1.5814          |
| 4900       | 9     | 2.3395          |
| 6400       | 9     | 3.7362          |
| 8100       | 9     | 5.0611          |
| 10000      | 9     | 7.8512          |
| 12100      | 9     | 12.8896         |
| 14400      | 9     | 18.7569         |
| 16900      | 9     | 237.2948        |
| 400        | 10    | 1.4378          |
| 900        | 10    | 0.3105          |
| 1600       | 10    | 0.4824          |
| 2500       | 10    | 0.8416          |
| 3600       | 10    | 1.3774          |
| 4900       | 10    | 2.2052          |
| 6400       | 10    | 3.4864          |
| 8100       | 10    | 5.2648          |
| 10000      | 10    | 7.8854          |
| 12100      | 10    | 11.1016         |
| 14400      | 10    | 51.4700         |
| 16900      | 10    | 230.2801        |
|--------------------------------------|
|--------------------------------------|
| stochastic MDP                       |
|--------------------------------------|
| Num States | Cores | Time (s)        |
|------------|-------|-----------------|
| 400        | 1     | 0.1710          |
| 900        | 1     | 0.8398          |
| 1600       | 1     | 2.7378          |
| 2500       | 1     | 6.6363          |
| 3600       | 1     | 13.8315         |
| 4900       | 1     | 26.1675         |
| 6400       | 1     | 43.3301         |
| 8100       | 1     | 68.1560         |
| 10000      | 1     | 101.2582        |
| 12100      | 1     | 147.8600        |
| 14400      | 1     | 209.8528        |
| 16900      | 1     | 291.4379        |
| 400        | 2     | 1.2677          |
| 900        | 2     | 0.7426          |
| 1600       | 2     | 2.0878          |
| 2500       | 2     | 4.9149          |
| 3600       | 2     | 10.0658         |
| 4900       | 2     | 18.2029         |
| 6400       | 2     | 31.6765         |
| 8100       | 2     | 50.2145         |
| 10000      | 2     | 74.8995         |
| 12100      | 2     | 108.9947        |
| 14400      | 2     | 154.3952        |
| 16900      | 2     | 217.2146        |
| 400        | 3     | 1.3401          |
| 900        | 3     | 0.6224          |
| 1600       | 3     | 1.7233          |
| 2500       | 3     | 3.9536          |
| 3600       | 3     | 7.8912          |
| 4900       | 3     | 14.5306         |
| 6400       | 3     | 24.7246         |
| 8100       | 3     | 39.3847         |
| 10000      | 3     | 60.1275         |
| 12100      | 3     | 87.3002         |
| 14400      | 3     | 126.7440        |
| 16900      | 3     | 180.5021        |
| 400        | 4     | 0.2679          |
| 900        | 4     | 0.5313          |
| 1600       | 4     | 1.4484          |
| 2500       | 4     | 3.3708          |
| 3600       | 4     | 6.8970          |
| 4900       | 4     | 12.0001         |
| 6400       | 4     | 20.7819         |
| 8100       | 4     | 32.3810         |
| 10000      | 4     | 49.7038         |
| 12100      | 4     | 73.2616         |
| 14400      | 4     | 103.9569        |
| 16900      | 4     | 142.5380        |
| 400        | 5     | 1.4510          |
| 900        | 5     | 0.4921          |
| 1600       | 5     | 1.3236          |
| 2500       | 5     | 3.0515          |
| 3600       | 5     | 6.0311          |
| 4900       | 5     | 10.7770         |
| 6400       | 5     | 18.4961         |
| 8100       | 5     | 29.9517         |
| 10000      | 5     | 46.1252         |
| 12100      | 5     | 68.6434         |
| 14400      | 5     | 97.8778         |
| 16900      | 5     | 137.1327        |
| 400        | 6     | 0.2634          |
| 900        | 6     | 0.4852          |
| 1600       | 6     | 1.2210          |
| 2500       | 6     | 2.8256          |
| 3600       | 6     | 5.6927          |
| 4900       | 6     | 10.2151         |
| 6400       | 6     | 17.6001         |
| 8100       | 6     | 28.3943         |
| 10000      | 6     | 44.0679         |
| 12100      | 6     | 65.0038         |
| 14400      | 6     | 93.0404         |
| 16900      | 6     | 135.5739        |
| 400        | 7     | 0.2918          |
| 900        | 7     | 0.4558          |
| 1600       | 7     | 1.1338          |
| 2500       | 7     | 2.8505          |
| 3600       | 7     | 5.6780          |
| 4900       | 7     | 10.0124         |
| 6400       | 7     | 17.3959         |
| 8100       | 7     | 27.7180         |
| 10000      | 7     | 42.2270         |
| 12100      | 7     | 61.9417         |
| 14400      | 7     | 93.4845         |
| 16900      | 7     | 130.4383        |
| 400        | 8     | 0.2745          |
| 900        | 8     | 0.4982          |
| 1600       | 8     | 1.1255          |
| 2500       | 8     | 2.5289          |
| 3600       | 8     | 5.3282          |
| 4900       | 8     | 9.4229          |
| 6400       | 8     | 16.1657         |
| 8100       | 8     | 25.8308         |
| 10000      | 8     | 41.5358         |
| 12100      | 8     | 63.3390         |
| 14400      | 8     | 92.5920         |
| 16900      | 8     | 156.1538        |
| 400        | 9     | 0.2989          |
| 900        | 9     | 0.4519          |
| 1600       | 9     | 1.0715          |
| 2500       | 9     | 2.4927          |
| 3600       | 9     | 5.1263          |
| 4900       | 9     | 9.0469          |
| 6400       | 9     | 15.2684         |
| 8100       | 9     | 25.5449         |
| 10000      | 9     | 40.8099         |
| 12100      | 9     | 65.3726         |
| 14400      | 9     | 101.3633        |
| 16900      | 9     | 321.2959        |
| 400        | 10    | 1.5757          |
| 900        | 10    | 0.4824          |
| 1600       | 10    | 1.0340          |
| 2500       | 10    | 2.1151          |
| 3600       | 10    | 4.2534          |
| 4900       | 10    | 7.6807          |
| 6400       | 10    | 13.1605         |
| 8100       | 10    | 21.9391         |
| 10000      | 10    | 35.0392         |
| 12100      | 10    | 60.9658         |
| 14400      | 10    | 231.6711        |
| 16900      | 10    | 318.0866        |
|--------------------------------------|